0b000a01 0b000b01 10001 100 1095475200 6000011 186962968 90678254
0b001101 0b001001 10001 100 1095475200 6000011 186962968 90678254
0b000e01 0b000f01 10001 100 1095475200 6000011 186962968 90678254
0b000701 0b000601 10001 100 1095475200 6000011 186962968 90678254
0b000601 0b000701 10001 100 1095475200 6000011 186962968 90678254
0b001201 0b001301 10001 100 1095475200 6000011 186962968 90678254
0b000d01 0b000c01 10001 100 1095475200 6000011 186962968 90678254
0b001901 0b001801 10001 100 1095475200 6000011 186962968 90678254
0b001d01 0b001c01 10001 100 1095475200 6000011 186962968 90678254
0b000001 0b000101 10001 100 1095475200 6000011 186962968 90678254
0b000101 0b000001 10001 100 1095475200 6000011 186962968 90678254
0b000401 0b000501 10001 100 1095475200 6000011 186962968 90678254
0b000301 0b000201 10001 100 1095475200 6000011 186962968 90678254
0b001301 0b001201 10001 100 1095475200 6000011 186962968 90678254
0b000901 0b000801 10001 100 1095475200 6000011 186962968 90678254
0b001c01 0b001d01 10001 100 1095475200 6000011 186962968 90678254
0b001e01 0b001f01 10001 100 1095475200 6000011 186962968 90678254
0b001601 0b001701 10001 100 1095475200 6000011 186962968 90678254
0b001801 0b001901 10001 100 1095475200 6000011 186962968 90678254
0b001001 0b001101 10001 100 1095475200 6000011 186962968 90678254
0b000501 0b000401 10001 100 1095475200 6000011 186962968 90678254
0b000201 0b000301 10001 100 1095475200 6000011 186962968 90678254
0b001f01 0b001e01 10001 100 1095475200 6000011 186962968 90678254
0b001b01 0b001a01 10001 100 1095475200 6000011 186962968 90678254
0b001a01 0b001b01 10001 100 1095475200 6000011 186962968 90678254
0b000c01 0b000d01 10001 100 1095475200 6000011 186962968 90678254
0b000f01 0b000e01 10001 100 1095475200 6000011 186962968 90678254
0b001701 0b001601 10001 100 1095475200 6000011 186962968 90678254
0b000b01 0b000a01 10001 100 1095475200 6000011 186962968 90678254
0b000801 0b000901 10001 100 1095475200 6000011 186962968 90678254
0b001501 0b001401 10001 100 1095475200 6000011 186962968 90678254
0b001401 0b001501 10001 100 1095475200 6000011 186962968 90678254
0b000d01 0b000c01 10000 100 1095475200 6000011 186963072 90678254
0b000e01 0b000f01 10000 100 1095475200 6000011 186963072 90678254
0b001501 0b001401 10000 100 1095475200 6000011 186963072 90678254
0b000301 0b000201 10000 100 1095475200 6000011 186963072 90678254
0b000001 0b000101 10000 100 1095475200 6000011 186963072 90678254
0b001301 0b001201 10000 100 1095475200 6000011 186963072 90678254
0b000701 0b000601 10000 100 1095475200 6000011 186963072 90678254
0b001d01 0b001c01 10000 100 1095475200 6000011 186963072 90678254
0b001901 0b001801 10000 100 1095475200 6000011 186963072 90678254
0b000a01 0b000b01 10000 100 1095475200 6000011 186963072 90678254
0b000401 0b000501 10000 100 1095475200 6000011 186963072 90678254
0b000601 0b000701 10000 100 1095475200 6000011 186963072 90678254
0b001101 0b001001 10000 100 1095475200 6000011 186963072 90678254
0b000101 0b000001 10000 100 1095475200 6000011 186963072 90678254
0b001e01 0b001f01 10000 100 1095475200 6000011 186963072 90678254
0b001201 0b001301 10000 100 1095475200 6000011 186963072 90678254
0b000f01 0b000e01 10000 100 1095475200 6000011 186963072 90678254
0b001001 0b001101 10000 100 1095475200 6000011 186963072 90678254
0b001601 0b001701 10000 100 1095475200 6000011 186963072 90678254
0b001401 0b001501 10000 100 1095475200 6000011 186963072 90678254
0b001801 0b001901 10000 100 1095475200 6000011 186963072 90678254
0b000501 0b000401 10000 100 1095475200 6000011 186963072 90678254
0b001b01 0b001a01 10000 100 1095475200 6000011 186963072 90678254
0b000901 0b000801 10000 100 1095475200 6000011 186963072 90678254
0b001c01 0b001d01 10000 100 1095475200 6000011 186963072 90678254
0b001a01 0b001b01 10000 100 1095475200 6000011 186963072 90678254
0b001f01 0b001e01 10000 100 1095475200 6000011 186963072 90678254
0b000201 0b000301 10000 100 1095475200 6000011 186963072 90678254
0b000801 0b000901 10000 100 1095475200 6000011 186963072 90678254
0b000b01 0b000a01 10000 100 1095475200 6000011 186963072 90678254
0b001701 0b001601 10000 100 1095475200 6000011 186963072 90678254
0b000c01 0b000d01 10000 100 1095475200 6000011 186963072 90678254
0b000e01 0b000f01 10003 100 10485760 198963197 1791476 870063
0b001501 0b001401 10003 100 10485760 198963197 1791476 870063
0b001001 0b001101 10003 100 10485760 198963197 1791476 870063
0b000d01 0b000c01 10003 100 10485760 198963197 1791476 870063
0b000501 0b000401 10003 100 10485760 198963197 1791476 870063
0b001901 0b001801 10003 100 10485760 198963197 1791476 870063
0b000b01 0b000a01 10003 100 10485760 198963197 1791476 870063
0b000201 0b000301 10003 100 10485760 198963197 1791476 870063
0b001501 0b001401 10002 100 10485760 198963197 1791540 870063
0b000f01 0b000e01 10003 100 10485760 198963197 1791476 870063
0b000c01 0b000d01 10003 100 10485760 198963197 1791476 870063
0b001901 0b001801 10002 100 10485760 198963197 1791540 870063
0b000b01 0b000a01 10002 100 10485760 198963197 1791540 870063
0b001c01 0b001d01 10003 100 10485760 198963197 1791476 870063
0b000301 0b000201 10003 100 10485760 198963197 1791476 870063
0b000801 0b000901 10003 100 10485760 198963197 1791476 870063
0b001801 0b001901 10003 100 10485760 198963197 1791476 870063
0b000401 0b000501 10003 100 10485760 198963197 1791476 870063
0b000501 0b000401 10002 100 10485760 198963197 1791540 870063
0b000001 0b000101 10003 100 10485760 198963197 1791476 870063
0b000301 0b000201 10002 100 10485760 198963197 1791540 870063
0b000801 0b000901 10002 100 10485760 198963197 1791540 870063
0b000c01 0b000d01 10002 100 10485760 198963197 1791540 870063
0b000d01 0b000c01 10002 100 10485760 198963197 1791540 870063
0b001c01 0b001d01 10002 100 10485760 198963197 1791540 870063
0b000201 0b000301 10002 100 10485760 198963197 1791540 870063
0b000001 0b000101 10002 100 10485760 198963197 1791540 870063
0b000401 0b000501 10002 100 10485760 198963197 1791540 870063
0b000f01 0b000e01 10002 100 10485760 198963197 1791540 870063
0b000e01 0b000f01 10002 100 10485760 198963197 1791540 870063
0b001801 0b001901 10002 100 10485760 198963197 1791540 870063
0b000901 0b000801 10003 100 10485760 198963197 1791476 870063
0b001001 0b001101 10002 100 10485760 198963197 1791540 870063
0b000901 0b000801 10002 100 10485760 198963197 1791540 870063
0b000a01 0b000b01 10003 100 10485760 198963197 1791476 870063
0b000a01 0b000b01 10002 100 10485760 198963197 1791540 870063
0b001301 0b001201 10003 100 10485760 198963197 1791476 870063
0b001301 0b001201 10002 100 10485760 198963197 1791540 870063
0b000101 0b000001 10003 100 10485760 198963197 1791476 870063
0b000101 0b000001 10002 100 10485760 198963197 1791540 870063
0b001701 0b001601 10003 100 10485760 198963197 1791476 870063
0b001d01 0b001c01 10003 100 10485760 198963197 1791476 870063
0b001d01 0b001c01 10002 100 10485760 198963197 1791540 870063
0b001701 0b001601 10002 100 10485760 198963197 1791540 870063
0b000601 0b000701 10003 100 10485760 198963197 1791476 870063
0b001201 0b001301 10003 100 10485760 198963197 1791476 870063
0b001101 0b001001 10003 100 10485760 198963197 1791476 870063
0b001f01 0b001e01 10003 100 10485760 198963197 1791476 870063
0b000701 0b000601 10003 100 10485760 198963197 1791476 870063
0b001101 0b001001 10002 100 10485760 198963197 1791540 870063
0b001201 0b001301 10002 100 10485760 198963197 1791540 870063
0b001601 0b001701 10003 100 10485760 198963197 1791476 870063
0b000701 0b000601 10002 100 10485760 198963197 1791540 870063
0b001f01 0b001e01 10002 100 10485760 198963197 1791540 870063
0b001b01 0b001a01 10003 100 10485760 198963197 1791476 870063
0b001e01 0b001f01 10003 100 10485760 198963197 1791476 870063
0b000601 0b000701 10002 100 10485760 198963197 1791540 870063
0b001401 0b001501 10003 100 10485760 198963197 1791476 870063
0b001a01 0b001b01 10003 100 10485760 198963197 1791476 870063
0b001601 0b001701 10002 100 10485760 198963197 1791540 870063
0b001e01 0b001f01 10002 100 10485760 198963197 1791540 870063
0b001b01 0b001a01 10002 100 10485760 198963197 1791540 870063
0b001a01 0b001b01 10002 100 10485760 198963197 1791540 870063
0b001401 0b001501 10002 100 10485760 198963197 1791540 870063
0b000d01 0b000c01 10005 100 10485760 206754849 1791476 870063
0b000401 0b000501 10005 100 10485760 206754849 1791476 870063
0b001301 0b001201 10005 100 10485760 206754849 1791476 870063
0b000501 0b000401 10005 100 10485760 206754849 1791476 870063
0b000d01 0b000c01 10004 100 10485760 206754849 1791540 870063
0b001001 0b001101 10005 100 10485760 206754849 1791476 870063
0b000401 0b000501 10004 100 10485760 206754849 1791540 870063
0b000701 0b000601 10005 100 10485760 206754849 1791476 870063
0b001301 0b001201 10004 100 10485760 206754849 1791540 870063
0b001901 0b001801 10005 100 10485760 206754849 1791476 870063
0b001f01 0b001e01 10005 100 10485760 206754849 1791476 870063
0b001b01 0b001a01 10005 100 10485760 206754849 1791476 870063
0b000201 0b000301 10005 100 10485760 206754849 1791476 870063
0b001901 0b001801 10004 100 10485760 206754849 1791540 870063
0b001b01 0b001a01 10004 100 10485760 206754849 1791540 870063
0b000c01 0b000d01 10005 100 10485760 206754849 1791476 870063
0b000c01 0b000d01 10004 100 10485760 206754849 1791540 870063
0b000e01 0b000f01 10005 100 10485760 206754849 1791476 870063
0b000501 0b000401 10004 100 10485760 206754849 1791540 870063
0b000f01 0b000e01 10005 100 10485760 206754849 1791476 870063
0b000701 0b000601 10004 100 10485760 206754849 1791540 870063
0b000a01 0b000b01 10005 100 10485760 206754849 1791476 870063
0b001f01 0b001e01 10004 100 10485760 206754849 1791540 870063
0b000f01 0b000e01 10004 100 10485760 206754849 1791540 870063
0b001d01 0b001c01 10005 100 10485760 206754849 1791476 870063
0b001001 0b001101 10004 100 10485760 206754849 1791540 870063
0b000a01 0b000b01 10004 100 10485760 206754849 1791540 870063
0b001701 0b001601 10005 100 10485760 206754849 1791476 870063
0b001701 0b001601 10004 100 10485760 206754849 1791540 870063
0b001d01 0b001c01 10004 100 10485760 206754849 1791540 870063
0b000e01 0b000f01 10004 100 10485760 206754849 1791540 870063
0b001401 0b001501 10005 100 10485760 206754849 1791476 870063
0b000601 0b000701 10005 100 10485760 206754849 1791476 870063
0b001401 0b001501 10004 100 10485760 206754849 1791540 870063
0b000601 0b000701 10004 100 10485760 206754849 1791540 870063
0b000b01 0b000a01 10005 100 10485760 206754849 1791476 870063
0b000b01 0b000a01 10004 100 10485760 206754849 1791540 870063
0b000201 0b000301 10004 100 10485760 206754849 1791540 870063
0b000101 0b000001 10005 100 10485760 206754849 1791476 870063
0b001a01 0b001b01 10005 100 10485760 206754849 1791476 870063
0b001801 0b001901 10005 100 10485760 206754849 1791476 870063
0b001a01 0b001b01 10004 100 10485760 206754849 1791540 870063
0b000101 0b000001 10004 100 10485760 206754849 1791540 870063
0b001801 0b001901 10004 100 10485760 206754849 1791540 870063
0b000901 0b000801 10005 100 10485760 206754849 1791476 870063
0b000001 0b000101 10005 100 10485760 206754849 1791476 870063
0b001201 0b001301 10005 100 10485760 206754849 1791476 870063
0b000001 0b000101 10004 100 10485760 206754849 1791540 870063
0b000301 0b000201 10005 100 10485760 206754849 1791476 870063
0b000801 0b000901 10005 100 10485760 206754849 1791476 870063
0b001501 0b001401 10005 100 10485760 206754849 1791476 870063
0b001101 0b001001 10005 100 10485760 206754849 1791476 870063
0b001e01 0b001f01 10005 100 10485760 206754849 1791476 870063
0b000901 0b000801 10004 100 10485760 206754849 1791540 870063
0b001501 0b001401 10004 100 10485760 206754849 1791540 870063
0b001c01 0b001d01 10005 100 10485760 206754849 1791476 870063
0b001101 0b001001 10004 100 10485760 206754849 1791540 870063
0b000301 0b000201 10004 100 10485760 206754849 1791540 870063
0b001201 0b001301 10004 100 10485760 206754849 1791540 870063
0b001601 0b001701 10005 100 10485760 206754849 1791476 870063
0b001e01 0b001f01 10004 100 10485760 206754849 1791540 870063
0b001c01 0b001d01 10004 100 10485760 206754849 1791540 870063
0b001601 0b001701 10004 100 10485760 206754849 1791540 870063
0b000801 0b000901 10004 100 10485760 206754849 1791540 870063
0b001f01 0b001e01 10007 100 65536 214546501 13067 7545
0b000701 0b000601 10007 100 65536 214546501 13067 7545
0b000801 0b000901 10007 100 65536 214546501 13067 7545
0b001f01 0b001e01 10006 100 65536 214546501 13154 7545
0b000701 0b000601 10006 100 65536 214546501 13154 7545
0b001501 0b001401 10007 100 65536 214546501 13067 7545
0b001401 0b001501 10007 100 65536 214546501 13067 7545
0b000801 0b000901 10006 100 65536 214546501 13154 7545
0b001501 0b001401 10006 100 65536 214546501 13154 7545
0b001401 0b001501 10006 100 65536 214546501 13154 7545
0b000f01 0b000e01 10007 100 65536 214546501 13067 7545
0b001801 0b001901 10007 100 65536 214546501 13067 7545
0b000a01 0b000b01 10007 100 65536 214546501 13067 7545
0b000f01 0b000e01 10006 100 65536 214546501 13154 7545
0b000301 0b000201 10007 100 65536 214546501 13067 7545
0b000e01 0b000f01 10007 100 65536 214546501 13067 7545
0b001a01 0b001b01 10007 100 65536 214546501 13067 7545
0b000a01 0b000b01 10006 100 65536 214546501 13154 7545
0b000501 0b000401 10007 100 65536 214546501 13067 7545
0b000b01 0b000a01 10007 100 65536 214546501 13067 7545
0b000c01 0b000d01 10007 100 65536 214546501 13067 7545
0b001201 0b001301 10007 100 65536 214546501 13067 7545
0b000301 0b000201 10006 100 65536 214546501 13154 7545
0b000b01 0b000a01 10006 100 65536 214546501 13154 7545
0b001901 0b001801 10007 100 65536 214546501 13067 7545
0b001e01 0b001f01 10007 100 65536 214546501 13067 7545
0b001801 0b001901 10006 100 65536 214546501 13154 7545
0b000501 0b000401 10006 100 65536 214546501 13154 7545
0b000c01 0b000d01 10006 100 65536 214546501 13154 7545
0b001a01 0b001b01 10006 100 65536 214546501 13154 7545
0b000101 0b000001 10007 100 65536 214546501 13067 7545
0b001e01 0b001f01 10006 100 65536 214546501 13154 7545
0b000e01 0b000f01 10006 100 65536 214546501 13154 7545
0b001001 0b001101 10007 100 65536 214546501 13067 7545
0b000201 0b000301 10007 100 65536 214546501 13067 7545
0b001901 0b001801 10006 100 65536 214546501 13154 7545
0b001101 0b001001 10007 100 65536 214546501 13067 7545
0b001001 0b001101 10006 100 65536 214546501 13154 7545
0b000101 0b000001 10006 100 65536 214546501 13154 7545
0b001101 0b001001 10006 100 65536 214546501 13154 7545
0b001301 0b001201 10007 100 65536 214546501 13067 7545
0b000201 0b000301 10006 100 65536 214546501 13154 7545
0b001d01 0b001c01 10007 100 65536 214546501 13067 7545
0b001301 0b001201 10006 100 65536 214546501 13154 7545
0b001d01 0b001c01 10006 100 65536 214546501 13154 7545
0b001201 0b001301 10006 100 65536 214546501 13154 7545
0b001c01 0b001d01 10007 100 65536 214546501 13067 7545
0b000901 0b000801 10007 100 65536 214546501 13067 7545
0b000601 0b000701 10007 100 65536 214546501 13067 7545
0b000601 0b000701 10006 100 65536 214546501 13154 7545
0b000401 0b000501 10007 100 65536 214546501 13067 7545
0b000901 0b000801 10006 100 65536 214546501 13154 7545
0b001c01 0b001d01 10006 100 65536 214546501 13154 7545
0b001701 0b001601 10007 100 65536 214546501 13067 7545
0b000401 0b000501 10006 100 65536 214546501 13154 7545
0b000d01 0b000c01 10007 100 65536 214546501 13067 7545
0b001601 0b001701 10007 100 65536 214546501 13067 7545
0b000001 0b000101 10007 100 65536 214546501 13067 7545
0b001b01 0b001a01 10007 100 65536 214546501 13067 7545
0b000d01 0b000c01 10006 100 65536 214546501 13154 7545
0b000001 0b000101 10006 100 65536 214546501 13154 7545
0b001601 0b001701 10006 100 65536 214546501 13154 7545
0b001b01 0b001a01 10006 100 65536 214546501 13154 7545
0b001701 0b001601 10006 100 65536 214546501 13154 7545
0b000201 0b000301 10008 100 10485760 220559767 896756 870063
0b001001 0b001101 10008 100 10485760 220559767 896756 870063
0b001301 0b001201 10008 100 10485760 220559767 896756 870063
0b000c01 0b000d01 10008 100 10485760 220559767 896756 870063
0b000401 0b000501 10008 100 10485760 220559767 896756 870063
0b001601 0b001701 10008 100 10485760 220559767 896756 870063
0b001d01 0b001c01 10008 100 10485760 220559767 896756 870063
0b001701 0b001601 10008 100 10485760 220559767 896756 870063
0b001b01 0b001a01 10008 100 10485760 220559767 896756 870063
0b001201 0b001301 10008 100 10485760 220559767 896756 870063
0b000601 0b000701 10008 100 10485760 220559767 896756 870063
0b000d01 0b000c01 10008 100 10485760 220559767 896756 870063
0b001f01 0b001e01 10008 100 10485760 220559767 896756 870063
0b000801 0b000901 10008 100 10485760 220559767 896756 870063
0b000001 0b000101 10008 100 10485760 220559767 896756 870063
0b001901 0b001801 10008 100 10485760 220559767 896756 870063
0b000101 0b000001 10008 100 10485760 220559767 896756 870063
0b001101 0b001001 10008 100 10485760 220559767 896756 870063
0b001c01 0b001d01 10008 100 10485760 220559767 896756 870063
0b001e01 0b001f01 10008 100 10485760 220559767 896756 870063
0b001801 0b001901 10008 100 10485760 220559767 896756 870063
0b001501 0b001401 10008 100 10485760 220559767 896756 870063
0b000901 0b000801 10008 100 10485760 220559767 896756 870063
0b000f01 0b000e01 10008 100 10485760 220559767 896756 870063
0b000a01 0b000b01 10008 100 10485760 220559767 896756 870063
0b000501 0b000401 10008 100 10485760 220559767 896756 870063
0b000701 0b000601 10008 100 10485760 220559767 896756 870063
0b000b01 0b000a01 10008 100 10485760 220559767 896756 870063
0b000e01 0b000f01 10008 100 10485760 220559767 896756 870063
0b001401 0b001501 10008 100 10485760 220559767 896756 870063
0b001a01 0b001b01 10008 100 10485760 220559767 896756 870063
0b000301 0b000201 10008 100 10485760 220559767 896756 870063
0b000101 0b000001 10009 100 41943040 227456635 3581115 3473889
0b000001 0b000101 10009 100 41943040 227456635 3581115 3473889
0b000001 0b000101 10011 100 20971520 237037862 3581113 1738006
0b000101 0b000001 10011 100 20971520 237037862 3581113 1738006
0b000001 0b000101 10010 100 20971520 237037862 3581118 1738006
0b000101 0b000001 10010 100 20971520 237037862 3581118 1738006
0b000001 0b000101 10013 100 20971520 246619092 3581113 1738006
0b000001 0b000101 10012 100 20971520 246619092 3581118 1738006
0b000101 0b000001 10013 100 20971520 246619092 3581113 1738006
0b000101 0b000001 10012 100 20971520 246619092 3581118 1738006
0b000101 0b000001 10014 100 41943040 256200322 3581115 3473889
0b000001 0b000101 10014 100 41943040 256200322 3581115 3473889
0b000001 0b000101 10015 100 10485760 265781549 896756 870063
0b000101 0b000001 10015 100 10485760 265781549 896756 870063
0b000001 0b000101 10017 100 10485760 272678417 1791476 870063
0b000101 0b000001 10017 100 10485760 272678417 1791476 870063
0b000001 0b000101 10016 100 10485760 272678417 1791540 870063
0b000101 0b000001 10016 100 10485760 272678417 1791540 870063
0b000001 0b000101 10019 100 10485760 280470069 1791476 870063
0b000101 0b000001 10019 100 10485760 280470069 1791476 870063
0b000001 0b000101 10018 100 10485760 280470069 1791540 870063
0b000101 0b000001 10018 100 10485760 280470069 1791540 870063
0b000001 0b000101 10021 100 65536 288261721 13067 7545
0b000101 0b000001 10021 100 65536 288261721 13067 7545
0b000001 0b000101 10020 100 65536 288261721 13154 7545
0b000101 0b000001 10020 100 65536 288261721 13154 7545
0b000001 0b000101 10022 100 10485760 294274987 896756 870063
0b000101 0b000001 10022 100 10485760 294274987 896756 870063
0b000001 0b000101 10023 100 41943040 301171855 3581115 3473889
0b000101 0b000001 10023 100 41943040 301171855 3581115 3473889
0b000001 0b000101 10025 100 20971520 310753082 3581113 1738006
0b000101 0b000001 10025 100 20971520 310753082 3581113 1738006
0b000001 0b000101 10024 100 20971520 310753082 3581118 1738006
0b000101 0b000001 10024 100 20971520 310753082 3581118 1738006
0b000101 0b000001 10027 100 20971520 320334312 3581113 1738006
0b000001 0b000101 10027 100 20971520 320334312 3581113 1738006
0b000101 0b000001 10026 100 20971520 320334312 3581118 1738006
0b000001 0b000101 10026 100 20971520 320334312 3581118 1738006
0b000101 0b000001 10028 100 41943040 329915542 3581115 3473889
0b000001 0b000101 10028 100 41943040 329915542 3581115 3473889
0b000001 0b000101 10029 100 10485760 339496769 896756 870063
0b000101 0b000001 10029 100 10485760 339496769 896756 870063
0b000001 0b000101 10031 100 10485760 346393637 1791476 870063
0b000101 0b000001 10031 100 10485760 346393637 1791476 870063
0b000001 0b000101 10030 100 10485760 346393637 1791540 870063
0b000101 0b000001 10030 100 10485760 346393637 1791540 870063
0b000001 0b000101 10033 100 10485760 354185289 1791476 870063
0b000101 0b000001 10033 100 10485760 354185289 1791476 870063
0b000001 0b000101 10032 100 10485760 354185289 1791540 870063
0b000101 0b000001 10032 100 10485760 354185289 1791540 870063
0b000101 0b000001 10035 100 65536 361976941 13067 7545
0b000101 0b000001 10034 100 65536 361976941 13154 7545
0b000001 0b000101 10035 100 65536 361976941 13067 7545
0b000001 0b000101 10034 100 65536 361976941 13154 7545
0b000101 0b000001 10036 100 10485760 367990207 896756 870063
0b000001 0b000101 10036 100 10485760 367990207 896756 870063
0b000101 0b000001 10037 100 41943040 374887075 3581115 3473889
0b000001 0b000101 10037 100 41943040 374887075 3581115 3473889
0b000001 0b000101 10039 100 20971520 384468302 3581113 1738006
0b000101 0b000001 10039 100 20971520 384468302 3581113 1738006
0b000001 0b000101 10038 100 20971520 384468302 3581118 1738006
0b000101 0b000001 10038 100 20971520 384468302 3581118 1738006
0b000101 0b000001 10041 100 20971520 394049532 3581113 1738006
0b000001 0b000101 10041 100 20971520 394049532 3581113 1738006
0b000101 0b000001 10040 100 20971520 394049532 3581118 1738006
0b000001 0b000101 10040 100 20971520 394049532 3581118 1738006
0b000001 0b000101 10042 100 41943040 403630762 3581115 3473889
0b000101 0b000001 10042 100 41943040 403630762 3581115 3473889
0b000001 0b000101 10043 100 10485760 413211989 896756 870063
0b000101 0b000001 10043 100 10485760 413211989 896756 870063
0b000101 0b000001 10045 100 10485760 420108857 1791476 870063
0b000101 0b000001 10044 100 10485760 420108857 1791540 870063
0b000001 0b000101 10045 100 10485760 420108857 1791476 870063
0b000001 0b000101 10044 100 10485760 420108857 1791540 870063
0b000101 0b000001 10047 100 10485760 427900509 1791476 870063
0b000001 0b000101 10047 100 10485760 427900509 1791476 870063
0b000001 0b000101 10046 100 10485760 427900509 1791540 870063
0b000101 0b000001 10046 100 10485760 427900509 1791540 870063
0b000001 0b000101 10049 100 65536 435692161 13067 7545
0b000001 0b000101 10048 100 65536 435692161 13154 7545
0b000101 0b000001 10049 100 65536 435692161 13067 7545
0b000101 0b000001 10048 100 65536 435692161 13154 7545
0b000101 0b000001 10050 100 10485760 441705427 896756 870063
0b000001 0b000101 10050 100 10485760 441705427 896756 870063
0b000001 0b000101 10051 100 41943040 448602295 3581115 3473889
0b000101 0b000001 10051 100 41943040 448602295 3581115 3473889
0b000001 0b000101 10053 100 20971520 458183522 3581113 1738006
0b000101 0b000001 10053 100 20971520 458183522 3581113 1738006
0b000001 0b000101 10052 100 20971520 458183522 3581118 1738006
0b000101 0b000001 10052 100 20971520 458183522 3581118 1738006
0b000001 0b000101 10055 100 20971520 467764752 3581113 1738006
0b000101 0b000001 10055 100 20971520 467764752 3581113 1738006
0b000001 0b000101 10054 100 20971520 467764752 3581118 1738006
0b000101 0b000001 10054 100 20971520 467764752 3581118 1738006
0b000101 0b000001 10056 100 41943040 477345982 3581115 3473889
0b000001 0b000101 10056 100 41943040 477345982 3581115 3473889
0b000101 0b000001 10057 100 10485760 486927209 896756 870063
0b000001 0b000101 10057 100 10485760 486927209 896756 870063
0b000001 0b000101 10059 100 10485760 493824077 1791476 870063
0b000101 0b000001 10059 100 10485760 493824077 1791476 870063
0b000001 0b000101 10058 100 10485760 493824077 1791540 870063
0b000101 0b000001 10058 100 10485760 493824077 1791540 870063
0b000001 0b000101 10061 100 10485760 501615729 1791476 870063
0b000101 0b000001 10061 100 10485760 501615729 1791476 870063
0b000001 0b000101 10060 100 10485760 501615729 1791540 870063
0b000101 0b000001 10060 100 10485760 501615729 1791540 870063
0b000001 0b000101 10063 100 65536 509407381 13067 7545
0b000101 0b000001 10063 100 65536 509407381 13067 7545
0b000001 0b000101 10062 100 65536 509407381 13154 7545
0b000101 0b000001 10062 100 65536 509407381 13154 7545
0b000001 0b000101 10064 100 10485760 515420647 896756 870063
0b000101 0b000001 10064 100 10485760 515420647 896756 870063
0b000101 0b000001 10065 100 41943040 522317515 3581115 3473889
0b000001 0b000101 10065 100 41943040 522317515 3581115 3473889
0b000101 0b000001 10067 100 20971520 531898742 3581113 1738006
0b000001 0b000101 10067 100 20971520 531898742 3581113 1738006
0b000101 0b000001 10066 100 20971520 531898742 3581118 1738006
0b000001 0b000101 10066 100 20971520 531898742 3581118 1738006
0b000001 0b000101 10069 100 20971520 541479972 3581113 1738006
0b000101 0b000001 10069 100 20971520 541479972 3581113 1738006
0b000101 0b000001 10068 100 20971520 541479972 3581118 1738006
0b000001 0b000101 10068 100 20971520 541479972 3581118 1738006
0b000101 0b000001 10070 100 41943040 551061202 3581115 3473889
0b000001 0b000101 10070 100 41943040 551061202 3581115 3473889
0b000101 0b000001 10071 100 10485760 560642429 896756 870063
0b000001 0b000101 10071 100 10485760 560642429 896756 870063
0b000001 0b000101 10073 100 10485760 567539297 1791476 870063
0b000101 0b000001 10073 100 10485760 567539297 1791476 870063
0b000001 0b000101 10072 100 10485760 567539297 1791540 870063
0b000101 0b000001 10072 100 10485760 567539297 1791540 870063
0b000101 0b000001 10075 100 10485760 575330949 1791476 870063
0b000001 0b000101 10075 100 10485760 575330949 1791476 870063
0b000101 0b000001 10074 100 10485760 575330949 1791540 870063
0b000001 0b000101 10074 100 10485760 575330949 1791540 870063
0b000101 0b000001 10077 100 65536 583122601 13067 7545
0b000001 0b000101 10077 100 65536 583122601 13067 7545
0b000101 0b000001 10076 100 65536 583122601 13154 7545
0b000001 0b000101 10076 100 65536 583122601 13154 7545
0b000001 0b000101 10078 100 10485760 589135867 896756 870063
0b000101 0b000001 10078 100 10485760 589135867 896756 870063
0b000101 0b000001 10079 100 41943040 596032735 3581115 3473889
0b000001 0b000101 10079 100 41943040 596032735 3581115 3473889
0b000101 0b000001 10081 100 20971520 605613962 3581113 1738006
0b000001 0b000101 10081 100 20971520 605613962 3581113 1738006
0b000101 0b000001 10080 100 20971520 605613962 3581118 1738006
0b000001 0b000101 10080 100 20971520 605613962 3581118 1738006
0b000101 0b000001 10083 100 20971520 615195192 3581113 1738006
0b000001 0b000101 10083 100 20971520 615195192 3581113 1738006
0b000001 0b000101 10082 100 20971520 615195192 3581118 1738006
0b000101 0b000001 10082 100 20971520 615195192 3581118 1738006
0b000101 0b000001 10084 100 41943040 624776422 3581115 3473889
0b000001 0b000101 10084 100 41943040 624776422 3581115 3473889
0b000101 0b000001 10085 100 10485760 634357649 896756 870063
0b000001 0b000101 10085 100 10485760 634357649 896756 870063
0b000101 0b000001 10087 100 10485760 641254517 1791476 870063
0b000001 0b000101 10087 100 10485760 641254517 1791476 870063
0b000101 0b000001 10086 100 10485760 641254517 1791540 870063
0b000001 0b000101 10086 100 10485760 641254517 1791540 870063
0b000001 0b000101 10089 100 10485760 649046169 1791476 870063
0b000101 0b000001 10089 100 10485760 649046169 1791476 870063
0b000001 0b000101 10088 100 10485760 649046169 1791540 870063
0b000101 0b000001 10088 100 10485760 649046169 1791540 870063
0b000001 0b000101 10091 100 65536 656837821 13067 7545
0b000101 0b000001 10091 100 65536 656837821 13067 7545
0b000001 0b000101 10090 100 65536 656837821 13154 7545
0b000101 0b000001 10090 100 65536 656837821 13154 7545
0b000101 0b000001 10092 100 10485760 662851087 896756 870063
0b000001 0b000101 10092 100 10485760 662851087 896756 870063
0b000101 0b000001 10093 100 41943040 669747955 3581115 3473889
0b000001 0b000101 10093 100 41943040 669747955 3581115 3473889
0b000101 0b000001 10095 100 20971520 679329182 3581113 1738006
0b000001 0b000101 10095 100 20971520 679329182 3581113 1738006
0b000101 0b000001 10094 100 20971520 679329182 3581118 1738006
0b000001 0b000101 10094 100 20971520 679329182 3581118 1738006
0b000001 0b000101 10097 100 20971520 688910412 3581113 1738006
0b000101 0b000001 10097 100 20971520 688910412 3581113 1738006
0b000001 0b000101 10096 100 20971520 688910412 3581118 1738006
0b000101 0b000001 10096 100 20971520 688910412 3581118 1738006
0b000001 0b000101 10098 100 41943040 698491642 3581115 3473889
0b000101 0b000001 10098 100 41943040 698491642 3581115 3473889
0b000101 0b000001 10099 100 10485760 708072869 896756 870063
0b000001 0b000101 10099 100 10485760 708072869 896756 870063
0b000001 0b000101 10101 100 10485760 714969737 1791476 870063
0b000101 0b000001 10101 100 10485760 714969737 1791476 870063
0b000001 0b000101 10100 100 10485760 714969737 1791540 870063
0b000101 0b000001 10100 100 10485760 714969737 1791540 870063
0b000001 0b000101 10103 100 10485760 722761389 1791476 870063
0b000101 0b000001 10103 100 10485760 722761389 1791476 870063
0b000001 0b000101 10102 100 10485760 722761389 1791540 870063
0b000101 0b000001 10102 100 10485760 722761389 1791540 870063
0b000101 0b000001 10105 100 65536 730553041 13067 7545
0b000001 0b000101 10105 100 65536 730553041 13067 7545
0b000101 0b000001 10104 100 65536 730553041 13154 7545
0b000001 0b000101 10104 100 65536 730553041 13154 7545
0b000101 0b000001 10106 100 10485760 736566307 896756 870063
0b000001 0b000101 10106 100 10485760 736566307 896756 870063
0b000001 0b000101 10107 100 41943040 743463175 3581115 3473889
0b000101 0b000001 10107 100 41943040 743463175 3581115 3473889
0b000001 0b000101 10109 100 20971520 753044402 3581113 1738006
0b000101 0b000001 10109 100 20971520 753044402 3581113 1738006
0b000001 0b000101 10108 100 20971520 753044402 3581118 1738006
0b000101 0b000001 10108 100 20971520 753044402 3581118 1738006
0b000101 0b000001 10111 100 20971520 762625632 3581113 1738006
0b000001 0b000101 10111 100 20971520 762625632 3581113 1738006
0b000101 0b000001 10110 100 20971520 762625632 3581118 1738006
0b000001 0b000101 10110 100 20971520 762625632 3581118 1738006
0b000001 0b000101 10112 100 41943040 772206862 3581115 3473889
0b000101 0b000001 10112 100 41943040 772206862 3581115 3473889
0b000101 0b000001 10113 100 10485760 781788089 896756 870063
0b000001 0b000101 10113 100 10485760 781788089 896756 870063
0b000101 0b000001 10115 100 10485760 788684957 1791476 870063
0b000001 0b000101 10115 100 10485760 788684957 1791476 870063
0b000101 0b000001 10114 100 10485760 788684957 1791540 870063
0b000001 0b000101 10114 100 10485760 788684957 1791540 870063
0b000101 0b000001 10117 100 81920000 796476609 13982944 6782914
0b000001 0b000101 10117 100 81920000 796476609 13982944 6782914
0b000101 0b000001 10116 100 81920000 796476609 13982988 6782914
0b000001 0b000101 10116 100 81920000 796476609 13982988 6782914
0b000101 0b000001 10118 100 81920000 816459563 13982944 6782914
0b000001 0b000101 10118 100 81920000 816459563 13982944 6782914
0b000101 0b000001 10119 100 81920000 816459607 13982944 6782914
0b000001 0b000101 10119 100 81920000 816459607 13982944 6782914
0b000001 0b000101 10121 100 10485760 836442665 1791476 870063
0b000001 0b000101 10120 100 10485760 836442665 1791540 870063
0b000101 0b000001 10121 100 10485760 836442665 1791476 870063
0b000101 0b000001 10120 100 10485760 836442665 1791540 870063
0b000001 0b000101 10123 100 10485760 844234317 1791476 870063
0b000101 0b000001 10123 100 10485760 844234317 1791476 870063
0b000001 0b000101 10122 100 10485760 844234317 1791540 870063
0b000101 0b000001 10122 100 10485760 844234317 1791540 870063
0b000101 0b000001 10125 100 65536 852025969 13067 7545
0b000001 0b000101 10125 100 65536 852025969 13067 7545
0b000101 0b000001 10124 100 65536 852025969 13154 7545
0b000001 0b000101 10124 100 65536 852025969 13154 7545
0b000101 0b000001 10126 100 10485760 858039235 896756 870063
0b000001 0b000101 10126 100 10485760 858039235 896756 870063
0b000101 0b000001 10127 100 41943040 864936103 3581115 3473889
0b000001 0b000101 10127 100 41943040 864936103 3581115 3473889
0b000001 0b000101 10129 100 20971520 874517330 3581113 1738006
0b000101 0b000001 10129 100 20971520 874517330 3581113 1738006
0b000001 0b000101 10128 100 20971520 874517330 3581118 1738006
0b000101 0b000001 10128 100 20971520 874517330 3581118 1738006
0b000001 0b000101 10131 100 20971520 884098560 3581113 1738006
0b000101 0b000001 10131 100 20971520 884098560 3581113 1738006
0b000001 0b000101 10130 100 20971520 884098560 3581118 1738006
0b000101 0b000001 10130 100 20971520 884098560 3581118 1738006
0b000101 0b000001 10132 100 41943040 893679790 3581115 3473889
0b000001 0b000101 10132 100 41943040 893679790 3581115 3473889
0b000101 0b000001 10133 100 10485760 903261017 896756 870063
0b000001 0b000101 10133 100 10485760 903261017 896756 870063
0b000101 0b000001 10135 100 10485760 910157885 1791476 870063
0b000001 0b000101 10135 100 10485760 910157885 1791476 870063
0b000101 0b000001 10134 100 10485760 910157885 1791540 870063
0b000001 0b000101 10134 100 10485760 910157885 1791540 870063
0b000101 0b000001 10137 100 10485760 917949537 1791476 870063
0b000001 0b000101 10137 100 10485760 917949537 1791476 870063
0b000001 0b000101 10136 100 10485760 917949537 1791540 870063
0b000101 0b000001 10136 100 10485760 917949537 1791540 870063
0b000001 0b000101 10139 100 65536 925741189 13067 7545
0b000101 0b000001 10139 100 65536 925741189 13067 7545
0b000001 0b000101 10138 100 65536 925741189 13154 7545
0b000101 0b000001 10138 100 65536 925741189 13154 7545
0b000001 0b000101 10140 100 10485760 931754455 896756 870063
0b000101 0b000001 10140 100 10485760 931754455 896756 870063
0b000101 0b000001 10141 100 41943040 938651323 3581115 3473889
0b000001 0b000101 10141 100 41943040 938651323 3581115 3473889
0b000001 0b000101 10143 100 20971520 948232550 3581113 1738006
0b000101 0b000001 10143 100 20971520 948232550 3581113 1738006
0b000001 0b000101 10142 100 20971520 948232550 3581118 1738006
0b000101 0b000001 10142 100 20971520 948232550 3581118 1738006
0b000001 0b000101 10145 100 20971520 957813780 3581113 1738006
0b000101 0b000001 10145 100 20971520 957813780 3581113 1738006
0b000001 0b000101 10144 100 20971520 957813780 3581118 1738006
0b000101 0b000001 10144 100 20971520 957813780 3581118 1738006
0b000001 0b000101 10146 100 41943040 967395010 3581115 3473889
0b000101 0b000001 10146 100 41943040 967395010 3581115 3473889
0b000001 0b000101 10147 100 10485760 976976237 896756 870063
0b000101 0b000001 10147 100 10485760 976976237 896756 870063
0b000101 0b000001 10149 100 10485760 983873105 1791476 870063
0b000001 0b000101 10149 100 10485760 983873105 1791476 870063
0b000001 0b000101 10148 100 10485760 983873105 1791540 870063
0b000101 0b000001 10148 100 10485760 983873105 1791540 870063
0b000101 0b000001 10150 100 10485760 991666033 896756 870063
0b000001 0b000101 10150 100 10485760 991666033 896756 870063
0b000101 0b000001 10151 100 41943040 998562903 3581115 3473889
0b000001 0b000101 10151 100 41943040 998562903 3581115 3473889
0b000001 0b000101 10153 100 20971520 1008144132 3581113 1738006
0b000101 0b000001 10153 100 20971520 1008144132 3581113 1738006
0b000001 0b000101 10152 100 20971520 1008144132 3581118 1738006
0b000101 0b000001 10152 100 20971520 1008144132 3581118 1738006
0b000001 0b000101 10155 100 41943040 1017725364 7160251 3473889
0b000101 0b000001 10155 100 41943040 1017725364 7160251 3473889
0b000001 0b000101 10154 100 41943040 1017725364 7160258 3473889
0b000101 0b000001 10154 100 41943040 1017725364 7160258 3473889
0b000101 0b000001 10156 100 41943040 1030885736 3581115 3473889
0b000001 0b000101 10156 100 41943040 1030885736 3581115 3473889
0b000101 0b000001 10157 100 10485760 1040466965 896756 870063
0b000001 0b000101 10157 100 10485760 1040466965 896756 870063
0b000001 0b000101 10159 100 65536 1047363835 13067 7545
0b000101 0b000001 10159 100 65536 1047363835 13067 7545
0b000001 0b000101 10158 100 65536 1047363835 13154 7545
0b000101 0b000001 10158 100 65536 1047363835 13154 7545
0b000001 0b000101 10160 100 10485760 1053377111 896756 870063
0b000101 0b000001 10160 100 10485760 1053377111 896756 870063
0b000001 0b000101 10161 100 41943040 1060273981 3581115 3473889
0b000101 0b000001 10161 100 41943040 1060273981 3581115 3473889
0b000101 0b000001 10163 100 20971520 1069855210 3581113 1738006
0b000001 0b000101 10163 100 20971520 1069855210 3581113 1738006
0b000101 0b000001 10162 100 20971520 1069855210 3581118 1738006
0b000001 0b000101 10162 100 20971520 1069855210 3581118 1738006
0b000001 0b000101 10165 100 41943040 1079436442 7160251 3473889
0b000101 0b000001 10165 100 41943040 1079436442 7160251 3473889
0b000001 0b000101 10164 100 41943040 1079436442 7160258 3473889
0b000101 0b000001 10164 100 41943040 1079436442 7160258 3473889
0b000101 0b000001 10166 100 41943040 1092596814 3581115 3473889
0b000001 0b000101 10166 100 41943040 1092596814 3581115 3473889
0b000001 0b000101 10167 100 10485760 1102178043 896756 870063
0b000101 0b000001 10167 100 10485760 1102178043 896756 870063
0b000001 0b000101 10169 100 65536 1109074913 13067 7545
0b000101 0b000001 10169 100 65536 1109074913 13067 7545
0b000001 0b000101 10168 100 65536 1109074913 13154 7545
0b000101 0b000001 10168 100 65536 1109074913 13154 7545
0b000101 0b000001 10170 100 10485760 1115088201 896756 870063
0b000001 0b000101 10170 100 10485760 1115088201 896756 870063
0b000101 0b000001 10171 100 41943040 1121985071 3581115 3473889
0b000001 0b000101 10171 100 41943040 1121985071 3581115 3473889
0b000101 0b000001 10173 100 20971520 1131566300 3581113 1738006
0b000001 0b000101 10173 100 20971520 1131566300 3581113 1738006
0b000101 0b000001 10172 100 20971520 1131566300 3581118 1738006
0b000001 0b000101 10172 100 20971520 1131566300 3581118 1738006
0b000001 0b000101 10175 100 41943040 1141147532 7160251 3473889
0b000101 0b000001 10175 100 41943040 1141147532 7160251 3473889
0b000001 0b000101 10174 100 41943040 1141147532 7160258 3473889
0b000101 0b000001 10174 100 41943040 1141147532 7160258 3473889
0b000001 0b000101 10176 100 41943040 1154307904 3581115 3473889
0b000101 0b000001 10176 100 41943040 1154307904 3581115 3473889
0b000001 0b000101 10177 100 10485760 1163889133 896756 870063
0b000101 0b000001 10177 100 10485760 1163889133 896756 870063
0b000101 0b000001 10179 100 65536 1170786003 13067 7545
0b000001 0b000101 10179 100 65536 1170786003 13067 7545
0b000101 0b000001 10178 100 65536 1170786003 13154 7545
0b000001 0b000101 10178 100 65536 1170786003 13154 7545
0b000001 0b000101 10180 100 10485760 1176799279 896756 870063
0b000101 0b000001 10180 100 10485760 1176799279 896756 870063
0b000101 0b000001 10181 100 41943040 1183696149 3581115 3473889
0b000001 0b000101 10181 100 41943040 1183696149 3581115 3473889
0b000001 0b000101 10183 100 20971520 1193277378 3581113 1738006
0b000101 0b000001 10183 100 20971520 1193277378 3581113 1738006
0b000001 0b000101 10182 100 20971520 1193277378 3581118 1738006
0b000101 0b000001 10182 100 20971520 1193277378 3581118 1738006
0b000101 0b000001 10185 100 41943040 1202858610 7160251 3473889
0b000101 0b000001 10184 100 41943040 1202858610 7160258 3473889
0b000001 0b000101 10185 100 41943040 1202858610 7160251 3473889
0b000001 0b000101 10184 100 41943040 1202858610 7160258 3473889
0b000001 0b000101 10186 100 41943040 1216018982 3581115 3473889
0b000101 0b000001 10186 100 41943040 1216018982 3581115 3473889
0b000001 0b000101 10187 100 10485760 1225600211 896756 870063
0b000101 0b000001 10187 100 10485760 1225600211 896756 870063
0b000101 0b000001 10189 100 65536 1232497081 13067 7545
0b000001 0b000101 10189 100 65536 1232497081 13067 7545
0b000101 0b000001 10188 100 65536 1232497081 13154 7545
0b000001 0b000101 10188 100 65536 1232497081 13154 7545
0b000101 0b000001 10190 100 10485760 1238510357 896756 870063
0b000001 0b000101 10190 100 10485760 1238510357 896756 870063
0b000001 0b000101 10191 100 41943040 1245407227 3581115 3473889
0b000101 0b000001 10191 100 41943040 1245407227 3581115 3473889
0b000001 0b000101 10193 100 20971520 1254988456 3581113 1738006
0b000101 0b000001 10193 100 20971520 1254988456 3581113 1738006
0b000001 0b000101 10192 100 20971520 1254988456 3581118 1738006
0b000101 0b000001 10192 100 20971520 1254988456 3581118 1738006
0b000101 0b000001 10195 100 41943040 1264569688 7160251 3473889
0b000001 0b000101 10195 100 41943040 1264569688 7160251 3473889
0b000101 0b000001 10194 100 41943040 1264569688 7160258 3473889
0b000001 0b000101 10194 100 41943040 1264569688 7160258 3473889
0b000101 0b000001 10196 100 41943040 1277730060 3581115 3473889
0b000001 0b000101 10196 100 41943040 1277730060 3581115 3473889
0b000101 0b000001 10197 100 10485760 1287311289 896756 870063
0b000001 0b000101 10197 100 10485760 1287311289 896756 870063
0b000001 0b000101 10199 100 65536 1294208159 13067 7545
0b000001 0b000101 10198 100 65536 1294208159 13154 7545
0b000101 0b000001 10199 100 65536 1294208159 13067 7545
0b000101 0b000001 10198 100 65536 1294208159 13154 7545
0b000101 0b000001 10200 100 10485760 1300221435 896756 870063
0b000001 0b000101 10200 100 10485760 1300221435 896756 870063
0b000101 0b000001 10201 100 41943040 1307118305 3581115 3473889
0b000001 0b000101 10201 100 41943040 1307118305 3581115 3473889
0b000101 0b000001 10203 100 20971520 1316699534 3581113 1738006
0b000001 0b000101 10203 100 20971520 1316699534 3581113 1738006
0b000101 0b000001 10202 100 20971520 1316699534 3581118 1738006
0b000001 0b000101 10202 100 20971520 1316699534 3581118 1738006
0b000101 0b000001 10205 100 41943040 1326280766 7160251 3473889
0b000001 0b000101 10205 100 41943040 1326280766 7160251 3473889
0b000001 0b000101 10204 100 41943040 1326280766 7160258 3473889
0b000101 0b000001 10204 100 41943040 1326280766 7160258 3473889
0b000001 0b000101 10206 100 41943040 1339441138 3581115 3473889
0b000101 0b000001 10206 100 41943040 1339441138 3581115 3473889
0b000001 0b000101 10207 100 10485760 1349022367 896756 870063
0b000101 0b000001 10207 100 10485760 1349022367 896756 870063
0b000001 0b000101 10209 100 65536 1355919237 13067 7545
0b000001 0b000101 10208 100 65536 1355919237 13154 7545
0b000101 0b000001 10209 100 65536 1355919237 13067 7545
0b000101 0b000001 10208 100 65536 1355919237 13154 7545
0b000001 0b000101 10210 100 10485760 1361932513 896756 870063
0b000101 0b000001 10210 100 10485760 1361932513 896756 870063
0b000001 0b000101 10211 100 41943040 1368829383 3581115 3473889
0b000101 0b000001 10211 100 41943040 1368829383 3581115 3473889
0b000101 0b000001 10213 100 20971520 1378410612 3581113 1738006
0b000001 0b000101 10213 100 20971520 1378410612 3581113 1738006
0b000101 0b000001 10212 100 20971520 1378410612 3581118 1738006
0b000001 0b000101 10212 100 20971520 1378410612 3581118 1738006
0b000101 0b000001 10215 100 41943040 1387991844 7160251 3473889
0b000001 0b000101 10215 100 41943040 1387991844 7160251 3473889
0b000101 0b000001 10214 100 41943040 1387991844 7160258 3473889
0b000001 0b000101 10214 100 41943040 1387991844 7160258 3473889
0b000101 0b000001 10216 100 41943040 1401152216 3581115 3473889
0b000001 0b000101 10216 100 41943040 1401152216 3581115 3473889
0b000001 0b000101 10217 100 10485760 1410733445 896756 870063
0b000101 0b000001 10217 100 10485760 1410733445 896756 870063
0b000001 0b000101 10219 100 65536 1417630315 13067 7545
0b000001 0b000101 10218 100 65536 1417630315 13154 7545
0b000101 0b000001 10219 100 65536 1417630315 13067 7545
0b000101 0b000001 10218 100 65536 1417630315 13154 7545
0b000101 0b000001 10220 100 10485760 1423643591 896756 870063
0b000001 0b000101 10220 100 10485760 1423643591 896756 870063
0b000101 0b000001 10221 100 41943040 1430540461 3581115 3473889
0b000001 0b000101 10221 100 41943040 1430540461 3581115 3473889
0b000101 0b000001 10223 100 20971520 1440121690 3581113 1738006
0b000001 0b000101 10223 100 20971520 1440121690 3581113 1738006
0b000001 0b000101 10222 100 20971520 1440121690 3581118 1738006
0b000101 0b000001 10222 100 20971520 1440121690 3581118 1738006
0b000001 0b000101 10225 100 41943040 1449702922 7160251 3473889
0b000101 0b000001 10225 100 41943040 1449702922 7160251 3473889
0b000001 0b000101 10224 100 41943040 1449702922 7160258 3473889
0b000101 0b000001 10224 100 41943040 1449702922 7160258 3473889
0b000001 0b000101 10226 100 41943040 1462863294 3581115 3473889
0b000101 0b000001 10226 100 41943040 1462863294 3581115 3473889
0b000001 0b000101 10227 100 10485760 1472444523 896756 870063
0b000101 0b000001 10227 100 10485760 1472444523 896756 870063
0b000101 0b000001 10229 100 65536 1479341393 13067 7545
0b000001 0b000101 10229 100 65536 1479341393 13067 7545
0b000101 0b000001 10228 100 65536 1479341393 13154 7545
0b000001 0b000101 10228 100 65536 1479341393 13154 7545
0b000001 0b000101 10230 100 10485760 1485354669 896756 870063
0b000101 0b000001 10230 100 10485760 1485354669 896756 870063
0b000101 0b000001 10231 100 41943040 1492251539 3581115 3473889
0b000001 0b000101 10231 100 41943040 1492251539 3581115 3473889
0b000001 0b000101 10233 100 20971520 1501832768 3581113 1738006
0b000101 0b000001 10233 100 20971520 1501832768 3581113 1738006
0b000001 0b000101 10232 100 20971520 1501832768 3581118 1738006
0b000101 0b000001 10232 100 20971520 1501832768 3581118 1738006
0b000101 0b000001 10235 100 41943040 1511414000 7160251 3473889
0b000001 0b000101 10235 100 41943040 1511414000 7160251 3473889
0b000101 0b000001 10234 100 41943040 1511414000 7160258 3473889
0b000001 0b000101 10234 100 41943040 1511414000 7160258 3473889
0b000101 0b000001 10236 100 41943040 1524574372 3581115 3473889
0b000001 0b000101 10236 100 41943040 1524574372 3581115 3473889
0b000001 0b000101 10237 100 10485760 1534155601 896756 870063
0b000101 0b000001 10237 100 10485760 1534155601 896756 870063
0b000101 0b000001 10239 100 65536 1541052471 13067 7545
0b000001 0b000101 10239 100 65536 1541052471 13067 7545
0b000101 0b000001 10238 100 65536 1541052471 13154 7545
0b000001 0b000101 10238 100 65536 1541052471 13154 7545
0b000001 0b000101 10240 100 10485760 1547065747 896756 870063
0b000101 0b000001 10240 100 10485760 1547065747 896756 870063
0b000101 0b000001 10241 100 41943040 1553962617 3581115 3473889
0b000001 0b000101 10241 100 41943040 1553962617 3581115 3473889
0b000001 0b000101 10243 100 20971520 1563543846 3581113 1738006
0b000101 0b000001 10243 100 20971520 1563543846 3581113 1738006
0b000001 0b000101 10242 100 20971520 1563543846 3581118 1738006
0b000101 0b000001 10242 100 20971520 1563543846 3581118 1738006
0b000101 0b000001 10245 100 41943040 1573125078 7160251 3473889
0b000001 0b000101 10245 100 41943040 1573125078 7160251 3473889
0b000101 0b000001 10244 100 41943040 1573125078 7160258 3473889
0b000001 0b000101 10244 100 41943040 1573125078 7160258 3473889
0b000001 0b000101 10246 100 41943040 1586285450 3581115 3473889
0b000101 0b000001 10246 100 41943040 1586285450 3581115 3473889
0b000001 0b000101 10247 100 10485760 1595866679 896756 870063
0b000101 0b000001 10247 100 10485760 1595866679 896756 870063
0b000101 0b000001 10249 100 65536 1602763549 13067 7545
0b000101 0b000001 10248 100 65536 1602763549 13154 7545
0b000001 0b000101 10249 100 65536 1602763549 13067 7545
0b000001 0b000101 10248 100 65536 1602763549 13154 7545
